# t[s] x y yaw -
  0.000000 0.000000 0.000000 1.108500 0.000000
  0.100000 -0.000101 0.000354 1.108505 0.000000
  0.200000 -0.000038 0.001198 1.108564 0.000000
  0.300000 0.000213 0.001674 1.108542 0.000000
  0.400000 0.000463 0.002696 1.108612 0.000000
  0.500000 0.001011 0.003810 1.108647 0.000000
  0.600000 0.001725 0.005081 1.108662 0.000000
  0.700000 0.002044 0.005933 1.108722 0.000000
  0.800000 0.002040 0.007709 1.108816 0.000000
  0.900000 0.001991 0.009140 1.108696 0.000000
  1.000000 0.001876 0.010679 1.108726 0.000000
  1.100000 0.001936 0.011670 1.108752 0.000000
  1.200000 0.001996 0.012662 1.108777 0.000000
  1.300000 0.002056 0.013653 1.108803 0.000000
  1.400000 0.002116 0.014644 1.108829 0.000000
  1.500000 0.002176 0.015636 1.108854 0.000000
  1.600000 0.002236 0.016627 1.108880 0.000000
  1.700000 0.002296 0.017618 1.108905 0.000000
  1.800000 0.002356 0.018610 1.108931 0.000000
  1.900000 0.002416 0.019601 1.108956 0.000000
  2.000000 0.002476 0.020592 1.108982 0.000000
  2.100000 0.002536 0.021584 1.109008 0.000000
  2.200000 0.002596 0.022575 1.109033 0.000000
  2.300000 0.002656 0.023566 1.109059 0.000000
  2.400000 0.002716 0.024558 1.109084 0.000000
  2.500000 0.002747 0.024604 1.109135 0.000000
  2.600000 0.002766 0.024555 1.109159 0.000000
  2.700000 0.002718 0.024554 1.109160 0.000000
  2.800000 0.002687 0.024295 1.109147 0.000000
  2.900000 0.002417 0.023947 1.109128 0.000000
  3.000000 0.002192 0.023477 1.109108 0.000000
  3.100000 0.001988 0.023421 1.109083 0.000000
  3.200000 0.001760 0.023380 1.109107 0.000000
  3.300000 0.001758 0.023012 1.109219 0.000000
  3.400000 0.001437 0.022906 1.109097 0.000000
  3.500000 0.001052 0.022463 1.109137 0.000000
  3.600000 0.000730 0.022012 1.109151 0.000000
  3.700000 0.000118 0.021295 1.109140 0.000000
  3.800000 -0.000740 0.021521 1.109188 0.000000
  3.900000 -0.001161 0.021373 1.109171 0.000000
  4.000000 -0.001325 0.021011 1.109239 0.000000
  4.100000 -0.001528 0.020196 1.109362 0.000000
  4.200000 -0.001701 0.019672 1.109394 0.000000
  4.300000 -0.001633 0.019318 1.109393 0.000000
  4.400000 -0.001087 0.018657 1.109374 0.000000
  4.500000 -0.000532 0.018094 1.109460 0.000000
  4.600000 0.000026 0.017320 1.109503 0.000000
  4.700000 0.000505 0.017079 1.109468 0.000000
  4.800000 0.001014 0.016384 1.109553 0.000000
  4.900000 0.001613 0.015363 1.109551 0.000000
  5.000000 0.002028 0.014947 1.109563 0.000000
  5.100000 0.002262 0.014587 1.109712 0.000000
  5.200000 0.002466 0.013957 1.109671 0.000000
  5.300000 0.002617 0.013497 1.109708 0.000000
  5.400000 0.002969 0.013076 1.109772 0.000000
  5.500000 0.003135 0.012856 1.109799 0.000000
  5.600000 0.003215 0.013029 1.109853 0.000000
  5.700000 0.003604 0.013216 1.109870 0.000000
  5.800000 0.004115 0.012740 1.109860 0.000000
  5.900000 0.004268 0.012162 1.109885 0.000000
  6.000000 0.004325 0.011858 1.109923 0.000000
  6.100000 0.004779 0.011821 1.109993 0.000000
  6.200000 0.005111 0.011395 1.109979 0.000000
  6.300000 0.005184 0.010790 1.110105 0.000000
  6.400000 0.005294 0.010307 1.110181 0.000000
  6.500000 0.005502 0.009617 1.110224 0.000000
  6.600000 0.005925 0.009138 1.110114 0.000000
  6.700000 0.005923 0.008761 1.110071 0.000000
  6.800000 0.005999 0.008046 1.110291 0.000000
  6.900000 0.006174 0.007380 1.110261 0.000000
  7.000000 0.006478 0.006536 1.110305 0.000000
  7.100000 0.006421 0.006221 1.110264 0.000000
  7.200000 0.006150 0.005882 1.110360 0.000000
  7.300000 0.006109 0.005336 1.110341 0.000000
  7.400000 0.006022 0.004715 1.110356 0.000000
  7.500000 0.006081 0.004108 1.110428 0.000000
  7.600000 0.006147 0.003523 1.110432 0.000000
  7.700000 0.006402 0.002666 1.110470 0.000000
  7.800000 0.006387 0.002331 1.110432 0.000000
  7.900000 0.006276 0.002216 1.110492 0.000000
  8.000000 0.006304 0.001649 1.110490 0.000000
  8.100000 0.006373 0.001028 1.110585 0.000000
  8.200000 0.006824 0.000539 1.110530 0.000000
  8.300000 0.007343 0.000046 1.110632 0.000000
  8.400000 0.007486 -0.000541 1.110583 0.000000
  8.500000 0.007580 -0.001041 1.110641 0.000000
  8.600000 0.007465 -0.001387 1.110672 0.000000
  8.700000 0.007093 -0.001550 1.110685 0.000000
  8.800000 0.006833 -0.001693 1.110740 0.000000
  8.900000 0.006659 -0.001857 1.110696 0.000000
  9.000000 0.006406 -0.002009 1.110655 0.000000
  9.100000 0.006139 -0.002010 1.110750 0.000000
  9.200000 0.005659 -0.001327 1.110849 0.000000
  9.300000 0.005325 -0.001265 1.110898 0.000000
  9.400000 0.004976 -0.001116 1.110763 0.000000
  9.500000 0.004748 -0.001170 1.110866 0.000000
  9.600000 0.004386 -0.001037 1.110755 0.000000
  9.700000 0.003568 -0.000263 1.110750 0.000000
  9.800000 0.002757 0.000314 1.110773 0.000000
  9.900000 0.001785 0.000857 1.110795 0.000000
  10.000000 0.000879 0.001064 1.110828 0.000000
  10.100000 -0.000151 0.001416 1.110830 0.000000
  10.200000 -0.000819 0.001994 1.110845 0.000000
  10.300000 -0.002195 0.002867 1.110798 0.000000
  10.400000 -0.002967 0.003225 1.110719 0.000000
  10.500000 -0.003819 0.003762 1.110639 0.000000
  10.600000 -0.004680 0.004056 1.110701 0.000000
  10.700000 -0.005999 0.004421 1.110708 0.000000
  10.800000 -0.006949 0.004444 1.110631 0.000000
  10.900000 -0.007641 0.004389 1.110674 0.000000
  11.000000 -0.008782 0.004480 1.110692 0.000000
  11.100000 -0.009559 0.004769 1.110705 0.000000
  11.200000 -0.010056 0.004963 1.110664 0.000000
  11.300000 -0.010563 0.005020 1.110733 0.000000
  11.400000 -0.011132 0.005558 1.110691 0.000000
  11.500000 -0.011583 0.005604 1.110701 0.000000
  11.600000 -0.011526 0.005873 1.110675 0.000000
  11.700000 -0.011705 0.006358 1.110717 0.000000
  11.800000 -0.011813 0.007073 1.110743 0.000000
  11.900000 -0.012055 0.007473 1.110677 0.000000
  12.000000 -0.012301 0.007871 1.110660 0.000000
  12.100000 -0.012327 0.009163 1.110681 0.000000
  12.200000 -0.012371 0.009892 1.110718 0.000000
  12.300000 -0.012173 0.010442 1.110710 0.000000
  12.400000 -0.012175 0.010908 1.110668 0.000000
  12.500000 -0.011729 0.012056 1.110730 0.000000
  12.600000 -0.011489 0.013080 1.110782 0.000000
  12.700000 -0.010912 0.013850 1.110816 0.000000
  12.800000 -0.010480 0.014233 1.110854 0.000000
  12.900000 -0.009860 0.014906 1.110759 0.000000
  13.000000 -0.009621 0.015406 1.110699 0.000000
  13.100000 -0.008919 0.015449 1.110648 0.000000
  13.200000 -0.007857 0.015939 1.110616 0.000000
  13.300000 -0.007370 0.016151 1.110668 0.000000
  13.400000 -0.006623 0.016665 1.110659 0.000000
  13.500000 -0.005570 0.017453 1.110558 0.000000
  13.600000 -0.004224 0.017483 1.110625 0.000000
  13.700000 -0.003442 0.017756 1.110606 0.000000
  13.800000 -0.002264 0.017971 1.110666 0.000000
  13.900000 -0.001627 0.017904 1.110710 0.000000
  14.000000 -0.000527 0.016844 1.110690 0.000000
  14.100000 0.000318 0.016173 1.110737 0.000000
  14.200000 0.001163 0.015503 1.110783 0.000000
  14.300000 0.002307 0.014317 1.110689 0.000000
  14.400000 0.002768 0.013722 1.110672 0.000000
  14.500000 0.003503 0.013046 1.110637 0.000000
  14.600000 0.004189 0.012300 1.110669 0.000000
  14.700000 0.004936 0.011170 1.110684 0.000000
  14.800000 0.005710 0.010625 1.110684 0.000000
  14.900000 0.006442 0.009503 1.110732 0.000000
  15.000000 0.007004 0.008348 1.110711 0.000000
  15.100000 0.007644 0.006900 1.110641 0.000000
  15.200000 0.008145 0.005806 1.110679 0.000000
  15.300000 0.008839 0.004442 1.110723 0.000000
  15.400000 0.009448 0.004389 1.110736 0.000000
  15.500000 0.009876 0.004385 1.110687 0.000000
  15.600000 0.010081 0.004618 1.110623 0.000000
  15.700000 0.010675 0.004408 1.110716 0.000000
  15.800000 0.011094 0.004200 1.110763 0.000000
  15.900000 0.011356 0.003761 1.110711 0.000000
  16.000000 0.011596 0.003908 1.110829 0.000000
  16.100000 0.011702 0.004010 1.110790 0.000000
  16.200000 0.011771 0.004283 1.110748 0.000000
  16.300000 0.011947 0.004161 1.110690 0.000000
  16.400000 0.011696 0.004023 1.110714 0.000000
  16.500000 0.011131 0.004247 1.110771 0.000000
  16.600000 0.010521 0.004209 1.110765 0.000000
  16.700000 0.009642 0.003936 1.110664 0.000000
  16.800000 0.009280 0.004052 1.110704 0.000000
  16.900000 0.009020 0.004958 1.110635 0.000000
  17.000000 0.009140 0.005213 1.110571 0.000000
  17.100000 0.009232 0.005917 1.110643 0.000000
  17.200000 0.009249 0.006408 1.110629 0.000000
  17.300000 0.009509 0.006871 1.110739 0.000000
  17.400000 0.009799 0.007616 1.110731 0.000000
  17.500000 0.010033 0.008400 1.110741 0.000000
  17.600000 0.010373 0.009297 1.110646 0.000000
  17.700000 0.010667 0.009851 1.110682 0.000000
  17.800000 0.010448 0.010823 1.110619 0.000000
  17.900000 0.010105 0.011527 1.110661 0.000000
  18.000000 0.009649 0.012542 1.110727 0.000000
  18.100000 0.009275 0.013377 1.110737 0.000000
  18.200000 0.009425 0.014492 1.110643 0.000000
  18.300000 0.009274 0.014817 1.110718 0.000000
  18.400000 0.009378 0.015381 1.110673 0.000000
  18.500000 0.010444 0.017275 1.110668 0.000000
  18.600000 0.013026 0.021668 1.110694 0.000000
  18.700000 0.017493 0.030037 1.110704 0.000000
  18.800000 0.022857 0.039510 1.110708 0.000000
  18.900000 0.029074 0.050987 1.110698 0.000000
  19.000000 0.036557 0.065422 1.110772 0.000000
  19.100000 0.044613 0.080716 1.110758 0.000000
  19.200000 0.055344 0.101340 1.110786 0.000000
  19.300000 0.072869 0.135666 1.110722 0.000000
  19.400000 0.096890 0.183063 1.110808 0.000000
  19.500000 0.133498 0.257368 1.110691 0.000000
  19.600000 0.178153 0.348462 1.110517 0.000000
  19.700000 0.239902 0.473442 1.110434 0.000000
  19.800000 0.307778 0.610695 1.110354 0.000000
  19.900000 0.472270 0.942184 1.110862 0.000000
  20.000000 0.636762 1.273672 1.111369 0.000000
  20.100000 0.801254 1.605161 1.111876 0.000000
  20.200000 0.965746 1.936650 1.112384 0.000000
  20.300000 1.130238 2.268139 1.112891 0.000000
  20.400000 1.294730 2.599628 1.113399 0.000000
  20.500000 1.459222 2.931116 1.113906 0.000000
  20.600000 1.623714 3.262605 1.114413 0.000000
  20.700000 1.788206 3.594094 1.114921 0.000000
  20.800000 1.952698 3.925583 1.115428 0.000000
  20.900000 2.117190 4.257072 1.115935 0.000000
  21.000000 2.281682 4.588561 1.116443 0.000000
  21.100000 2.446174 4.920050 1.116950 0.000000
  21.200000 2.610666 5.251539 1.117458 0.000000
  21.300000 2.775158 5.583028 1.117965 0.000000
  21.400000 2.939650 5.914517 1.118472 0.000000
  21.500000 3.175689 6.403543 1.120294 0.000000
  21.600000 3.418766 6.906124 1.122374 0.000000
  21.700000 3.667730 7.422664 1.123721 0.000000
  21.800000 3.948374 8.009776 1.124451 0.000000
  21.900000 4.211154 8.559353 1.125267 0.000000
  22.000000 4.510414 9.182575 1.126029 0.000000
  22.100000 4.789340 9.764792 1.126353 0.000000
  22.200000 5.075134 10.362761 1.126491 0.000000
  22.300000 5.396793 11.036950 1.126115 0.000000
  22.400000 5.698571 11.665539 1.125449 0.000000
  22.500000 6.007913 12.310574 1.124954 0.000000
  22.600000 6.356444 13.035404 1.124305 0.000000
  22.700000 6.681099 13.709739 1.123575 0.000000
  22.800000 7.012782 14.396657 1.123242 0.000000
  22.900000 7.386225 15.169552 1.122796 0.000000
  23.000000 7.732642 15.887925 1.123209 0.000000
  23.100000 8.122337 16.695755 1.123633 0.000000
  23.200000 8.484013 17.446087 1.124496 0.000000
  23.300000 8.852402 18.211893 1.125109 0.000000
  23.400000 9.264629 19.069972 1.125958 0.000000
  23.500000 9.647346 19.864158 1.127139 0.000000
  23.600000 10.035732 20.675035 1.128421 0.000000
  23.700000 10.470461 21.586262 1.130394 0.000000
  23.800000 10.870238 22.431537 1.132095 0.000000
  23.900000 11.273425 23.287599 1.133753 0.000000
  24.000000 11.720306 24.241365 1.135297 0.000000
  24.100000 12.129528 25.119041 1.136549 0.000000
  24.200000 12.584251 26.097844 1.136916 0.000000
  24.300000 13.001950 26.997758 1.136977 0.000000
  24.400000 13.424408 27.909583 1.136877 0.000000
  24.500000 13.893777 28.926735 1.136336 0.000000
  24.600000 14.329081 29.863312 1.135751 0.000000
  24.700000 14.771574 30.810210 1.135481 0.000000
  24.800000 15.264364 31.861541 1.135370 0.000000
  24.900000 15.717936 32.825916 1.135280 0.000000
  25.000000 16.174486 33.800324 1.135133 0.000000
  25.100000 16.680802 34.884415 1.134732 0.000000
  25.200000 17.145183 35.878516 1.134625 0.000000
  25.300000 17.661490 36.982064 1.134442 0.000000
  25.400000 18.134432 37.993200 1.134668 0.000000
  25.500000 18.611081 39.010882 1.135587 0.000000
  25.600000 19.138834 40.140157 1.136851 0.000000
  25.700000 19.620874 41.177639 1.138184 0.000000
  25.800000 20.104652 42.222904 1.139134 0.000000
  25.900000 20.638988 43.381640 1.140146 0.000000
  26.000000 21.127917 44.445181 1.140412 0.000000
  26.100000 21.621897 45.516813 1.140728 0.000000
  26.200000 22.170890 46.705220 1.141011 0.000000
  26.300000 22.672976 47.791792 1.141492 0.000000
  26.400000 23.227611 48.994055 1.141774 0.000000
  26.500000 23.733402 50.092047 1.142084 0.000000
  26.600000 24.239686 51.195158 1.142393 0.000000
  26.700000 24.798694 52.411704 1.142933 0.000000
  26.800000 25.307496 53.521574 1.143489 0.000000
  26.900000 25.817362 54.634447 1.143614 0.000000
  27.000000 26.377186 55.864306 1.143150 0.000000
  27.100000 26.886913 56.988112 1.142028 0.000000
  27.200000 27.398574 58.116574 1.140530 0.000000
  27.300000 27.965685 59.362729 1.138531 0.000000
  27.400000 28.486134 60.497102 1.136568 0.000000
  27.500000 29.011578 61.634264 1.134361 0.000000
  27.600000 29.595696 62.886767 1.131762 0.000000
  27.700000 30.132730 64.027902 1.129520 0.000000
  27.800000 30.676072 65.171214 1.127339 0.000000
  27.900000 31.279429 66.432682 1.125087 0.000000
  28.000000 31.833261 67.582903 1.122602 0.000000
  28.100000 32.445870 68.852588 1.119583 0.000000
  28.200000 33.008770 70.010783 1.116512 0.000000
  28.300000 33.578042 71.172635 1.113179 0.000000
  28.400000 34.212387 72.454502 1.109042 0.000000
  28.500000 34.796405 73.622359 1.105175 0.000000
  28.600000 35.269308 74.558892 1.102109 0.000000
  28.700000 36.046179 76.083914 1.096910 0.000000
  28.800000 36.650987 77.259340 1.092942 0.000000
  28.900000 37.263624 78.436604 1.089042 0.000000
  29.000000 37.945135 79.735300 1.084578 0.000000
  29.100000 38.572613 80.919214 1.080163 0.000000
  29.200000 39.272100 82.224991 1.075275 0.000000
  29.300000 39.915602 83.413877 1.070444 0.000000
  29.400000 40.633242 84.723675 1.063489 0.000000
  29.500000 41.296293 85.917454 1.056039 0.000000
  29.600000 41.972855 87.111931 1.048246 0.000000
  29.700000 42.664401 88.306941 1.040467 0.000000
  29.800000 43.440621 89.620484 1.032511 0.000000
  29.900000 44.159767 90.814414 1.025301 0.000000
  30.000000 44.888883 92.008454 1.018510 0.000000
  30.100000 45.702834 93.323920 1.012317 0.000000
  30.200000 46.452748 94.522920 1.007102 0.000000
  30.300000 47.211195 95.723992 1.001867 0.000000
  30.400000 48.055981 97.046486 0.996067 0.000000
  30.500000 48.833558 98.248584 0.990823 0.000000
  30.600000 49.699251 99.570692 0.984894 0.000000
  30.700000 50.496058 100.771338 0.979582 0.000000
  30.800000 51.303366 101.972332 0.974752 0.000000
  30.900000 52.203901 103.295217 0.969276 0.000000
  31.000000 53.033770 104.503378 0.963909 0.000000
  31.100000 53.876683 105.715723 0.958703 0.000000
  31.200000 54.817782 107.053777 0.953004 0.000000
  31.300000 55.686356 108.274675 0.947845 0.000000
  31.400000 56.567280 109.500655 0.942181 0.000000
  31.500000 57.550817 110.853450 0.935576 0.000000
  31.600000 58.456636 112.085175 0.928867 0.000000
  31.700000 59.374796 113.318559 0.922269 0.000000
  31.800000 60.398188 114.674746 0.914607 0.000000
  31.900000 61.342114 115.904488 0.907864 0.000000
  32.000000 62.396497 117.254492 0.900685 0.000000
  32.100000 63.367434 118.480384 0.894453 0.000000
  32.200000 64.347777 119.703659 0.888175 0.000000
  32.300000 65.435434 121.045851 0.881267 0.000000
  32.400000 66.436893 122.263293 0.875478 0.000000
  32.500000 67.448815 123.478582 0.869832 0.000000
  32.600000 68.574284 124.812598 0.863977 0.000000
  32.700000 69.607238 126.023111 0.859209 0.000000
  32.800000 70.648348 127.231790 0.854481 0.000000
  32.900000 71.803458 128.559242 0.849733 0.000000
  33.000000 72.861285 129.763482 0.845671 0.000000
  33.100000 73.926595 130.965833 0.841630 0.000000
  33.200000 75.106795 132.286447 0.836803 0.000000
  33.300000 76.188606 133.485082 0.832032 0.000000
  33.400000 77.277746 134.681208 0.827615 0.000000
  33.500000 78.485091 135.993539 0.822731 0.000000
  33.600000 79.590636 137.184621 0.818296 0.000000
  33.700000 80.703839 138.373871 0.813936 0.000000
  33.800000 81.936600 139.680811 0.808921 0.000000
  33.900000 83.066739 140.868296 0.804503 0.000000
  34.000000 84.319682 142.173098 0.800425 0.000000
  34.100000 85.467105 143.356798 0.797316 0.000000
  34.200000 86.622708 144.540943 0.795220 0.000000
  34.300000 87.902415 145.845044 0.793487 0.000000
  34.400000 89.073451 147.033276 0.792196 0.000000
  34.500000 90.249612 148.225299 0.791443 0.000000
  34.600000 91.548588 149.541503 0.790736 0.000000
  34.700000 92.733877 150.743185 0.790373 0.000000
  34.800000 93.925428 151.948427 0.790413 0.000000
  34.900000 95.243003 153.278095 0.790748 0.000000
  35.000000 96.445246 154.492232 0.790730 0.000000
  35.100000 97.651398 155.711565 0.790487 0.000000
  35.200000 98.982445 157.056544 0.789818 0.000000
  35.300000 100.196792 158.282638 0.788782 0.000000
  35.400000 101.416743 159.510521 0.788047 0.000000
  35.500000 102.762821 160.864789 0.787078 0.000000
  35.600000 103.989246 162.098302 0.785886 0.000000
  35.700000 105.343264 163.456329 0.783992 0.000000
  35.800000 106.578994 164.692225 0.782248 0.000000
  35.900000 107.819375 165.925856 0.780340 0.000000
  36.000000 109.186334 167.279738 0.778496 0.000000
  36.100000 110.430900 168.506402 0.776695 0.000000
  36.200000 111.801128 169.852512 0.775088 0.000000
  36.300000 113.047615 171.074462 0.773486 0.000000
  36.400000 114.293188 172.294597 0.772053 0.000000
  36.500000 115.539423 173.511441 0.770838 0.000000
  36.600000 116.911160 174.846863 0.769644 0.000000
  36.700000 118.159805 176.057701 0.769129 0.000000
  36.800000 119.409842 177.265992 0.768918 0.000000
  36.900000 120.782676 178.594674 0.768573 0.000000
  37.000000 122.029791 179.801430 0.767779 0.000000
  37.100000 123.276961 181.006709 0.767261 0.000000
  37.200000 124.650233 182.331193 0.766286 0.000000
  37.300000 125.899356 183.535698 0.765479 0.000000
  37.400000 127.150483 184.739892 0.764244 0.000000
  37.500000 128.530699 186.063519 0.762651 0.000000
  37.600000 129.788457 187.266843 0.761150 0.000000
  37.700000 131.050717 188.469821 0.759243 0.000000
  37.800000 132.443029 189.793007 0.757095 0.000000
  37.900000 133.713350 190.995277 0.755125 0.000000
  38.000000 134.987639 192.197009 0.753261 0.000000
  38.100000 136.392556 193.518720 0.751647 0.000000
  38.200000 137.673632 194.719562 0.750022 0.000000
  38.300000 138.957705 195.919420 0.748590 0.000000
  38.400000 139.988307 196.877691 0.747653 0.000000
  38.500000 141.667260 198.432214 0.746222 0.000000
  38.600000 142.960746 199.626614 0.745078 0.000000
  38.700000 144.383534 200.940685 0.743764 0.000000
  38.800000 145.677410 202.134370 0.742008 0.000000
  38.900000 147.100799 203.444885 0.739531 0.000000
  39.000000 148.396596 204.632056 0.736496 0.000000
  39.100000 149.695530 205.813942 0.733079 0.000000
  39.200000 151.128841 207.106590 0.729561 0.000000
  39.300000 152.435787 208.274922 0.726739 0.000000
  39.400000 153.743817 209.438016 0.724308 0.000000
  39.500000 155.182859 210.713260 0.721948 0.000000
  39.600000 156.491350 211.868886 0.719742 0.000000
  39.700000 157.800936 213.020208 0.718018 0.000000
  39.800000 159.242822 214.281777 0.716257 0.000000
  39.900000 160.554877 215.423734 0.715358 0.000000
  40.000000 161.867400 216.562811 0.714403 0.000000
  40.100000 163.311062 217.812173 0.713527 0.000000
  40.200000 164.622224 218.944353 0.712762 0.000000
  40.300000 165.932722 220.074234 0.711855 0.000000
  40.400000 167.373933 221.316609 0.711063 0.000000
  40.500000 168.684030 222.445248 0.709806 0.000000
  40.600000 169.993164 223.570877 0.708330 0.000000
  40.700000 171.433123 224.805651 0.706134 0.000000
  40.800000 172.743948 225.924841 0.704027 0.000000
  40.900000 174.057054 227.041333 0.702228 0.000000
  41.000000 175.504089 228.267221 0.699608 0.000000
  41.100000 176.823972 229.378683 0.697131 0.000000
  41.200000 178.147735 230.487460 0.694909 0.000000
  41.300000 179.605864 231.703066 0.692626 0.000000
  41.400000 180.930902 232.805609 0.689695 0.000000
  41.500000 182.391139 234.012945 0.686718 0.000000
  41.600000 183.723577 235.104784 0.684916 0.000000
  41.700000 185.059018 236.193458 0.683513 0.000000
  41.800000 186.526850 237.393171 0.681267 0.000000
  41.900000 187.859321 238.481593 0.679249 0.000000
  42.000000 189.194347 239.564033 0.677584 0.000000
  42.100000 190.664780 240.748792 0.676394 0.000000
  42.200000 192.001372 241.821942 0.675254 0.000000
  42.300000 193.337101 242.893625 0.673974 0.000000
  42.400000 194.805612 244.069168 0.672202 0.000000
  42.500000 196.140236 245.135295 0.670900 0.000000
  42.600000 197.475495 246.199336 0.669743 0.000000
  42.700000 198.945380 247.366161 0.668508 0.000000
  42.800000 200.280403 248.423768 0.667417 0.000000
  42.900000 201.614452 249.476888 0.666019 0.000000
  43.000000 203.081393 250.633654 0.663881 0.000000
  43.100000 204.415363 251.683906 0.661355 0.000000
  43.200000 205.749907 252.729644 0.658450 0.000000
  43.300000 207.218836 253.871994 0.655653 0.000000
  43.400000 208.555372 254.903808 0.653222 0.000000
  43.500000 209.893064 255.933790 0.650382 0.000000
  43.600000 211.365647 257.061794 0.647539 0.000000
  43.700000 212.706284 258.081150 0.645774 0.000000
  43.800000 214.180475 259.196347 0.644196 0.000000
  43.900000 215.521449 260.207492 0.643239 0.000000
  44.000000 216.860952 261.214825 0.642410 0.000000
  44.100000 218.333959 262.320344 0.641675 0.000000
  44.200000 219.671139 263.322840 0.641427 0.000000
  44.300000 221.006999 264.323951 0.641361 0.000000
  44.400000 222.474704 265.423342 0.641146 0.000000
  44.500000 223.807128 266.420962 0.640698 0.000000
  44.600000 225.138613 267.417091 0.640037 0.000000
  44.700000 226.534877 268.459016 0.639247 0.000000
  44.800000 227.931141 269.500942 0.638457 0.000000
  44.900000 229.257309 270.488162 0.637498 0.000000
  45.000000 230.714179 271.571039 0.636189 0.000000
  45.100000 232.038159 272.552723 0.635006 0.000000
  45.200000 233.361858 273.530130 0.633990 0.000000
  45.300000 234.817720 274.600635 0.632563 0.000000
  45.400000 236.140580 275.571774 0.630670 0.000000
  45.500000 237.462572 276.537851 0.628234 0.000000
  45.600000 238.915355 277.598406 0.625590 0.000000
  45.700000 240.235185 278.557303 0.623195 0.000000
  45.800000 241.556167 279.512858 0.620694 0.000000
  45.900000 243.012670 280.553989 0.618062 0.000000
  46.000000 244.339480 281.491304 0.615825 0.000000
  46.100000 245.666353 282.424608 0.612982 0.000000
  46.200000 247.126736 283.445110 0.609022 0.000000
  46.300000 248.458630 284.367510 0.604502 0.000000
  46.400000 249.926809 285.377542 0.599405 0.000000
  46.500000 251.261370 286.294216 0.594437 0.000000
  46.600000 252.599321 287.205135 0.589466 0.000000
  46.700000 254.076640 288.199435 0.584002 0.000000
  46.800000 255.430917 289.094960 0.579503 0.000000
  46.900000 256.789551 289.983101 0.575746 0.000000
  47.000000 258.289917 290.953637 0.572147 0.000000
  47.100000 259.657198 291.834679 0.568724 0.000000
  47.200000 261.027863 292.713935 0.565301 0.000000
  47.300000 262.541073 293.677681 0.561841 0.000000
  47.400000 263.919785 294.548851 0.558794 0.000000
  47.500000 265.301271 295.413933 0.556092 0.000000
  47.600000 266.822093 296.358348 0.553195 0.000000
  47.700000 268.205745 297.208469 0.550656 0.000000
  47.800000 269.590633 298.054698 0.548407 0.000000
  47.900000 271.115722 298.980882 0.546234 0.000000
  48.000000 272.497900 299.821344 0.545110 0.000000
  48.100000 273.879568 300.661436 0.543910 0.000000
  48.200000 275.398808 301.583708 0.542690 0.000000
  48.300000 276.779126 302.417256 0.541705 0.000000
  48.400000 278.156059 303.250615 0.540904 0.000000
  48.500000 279.665008 304.162877 0.539775 0.000000
  48.600000 281.033262 304.991130 0.538881 0.000000
  48.700000 282.399387 305.814794 0.538173 0.000000
  48.800000 283.898756 306.718217 0.537058 0.000000
  48.900000 285.260402 307.535310 0.536047 0.000000
  49.000000 286.621228 308.348201 0.535436 0.000000
  49.100000 288.114731 309.238287 0.534992 0.000000
  49.200000 289.470269 310.045938 0.534270 0.000000
  49.300000 290.956729 310.933308 0.533237 0.000000
  49.400000 292.304539 311.737810 0.531807 0.000000
  49.500000 293.650145 312.539040 0.529528 0.000000
  49.600000 295.130275 313.414412 0.526753 0.000000
  49.700000 296.472037 314.202883 0.524096 0.000000
  49.800000 297.814553 314.985181 0.521583 0.000000
  49.900000 299.289646 315.839618 0.518818 0.000000
  50.000000 300.631069 316.611099 0.516133 0.000000
  50.100000 301.972111 317.377715 0.513441 0.000000
  50.200000 303.445398 318.215302 0.510462 0.000000
  50.300000 304.783301 318.973306 0.507625 0.000000
  50.400000 306.117044 319.725326 0.505251 0.000000
  50.500000 307.585677 320.545270 0.503487 0.000000
  50.600000 308.917905 321.286818 0.501967 0.000000
  50.700000 310.248877 322.026092 0.500559 0.000000
  50.800000 311.711737 322.834379 0.499248 0.000000
  50.900000 313.039438 323.563032 0.498363 0.000000
  51.000000 314.364261 324.288532 0.498133 0.000000
  51.100000 315.816861 325.084013 0.498171 0.000000
  51.200000 317.135143 325.806976 0.498144 0.000000
  51.300000 318.451379 326.526904 0.498505 0.000000
  51.400000 319.897140 327.317070 0.499584 0.000000
  51.500000 321.205702 328.032344 0.501138 0.000000
  51.600000 322.509776 328.750527 0.502774 0.000000
  51.700000 323.938842 329.542457 0.504723 0.000000
  51.800000 325.235617 330.262824 0.506387 0.000000
  51.900000 326.527713 330.985862 0.508296 0.000000
  52.000000 327.943761 331.781795 0.510361 0.000000
  52.100000 329.228246 332.505555 0.512462 0.000000
  52.200000 330.509427 333.232752 0.514122 0.000000
  52.300000 331.914049 334.036332 0.514990 0.000000
  52.400000 333.185269 334.767916 0.515538 0.000000
  52.500000 334.582623 335.566735 0.516737 0.000000
  52.600000 335.849541 336.288354 0.518405 0.000000
  52.700000 337.113648 337.015409 0.520180 0.000000
  52.800000 338.498346 337.818802 0.522274 0.000000
  52.900000 339.752040 338.550072 0.525184 0.000000
  53.000000 340.999801 339.282430 0.528443 0.000000
  53.100000 342.367377 340.091116 0.532042 0.000000
  53.200000 343.609449 340.827178 0.535538 0.000000
  53.300000 344.845335 341.568988 0.539097 0.000000
  53.400000 346.199513 342.387700 0.543013 0.000000
  53.500000 347.422613 343.140666 0.546253 0.000000
  53.600000 348.642919 343.894344 0.549322 0.000000
  53.700000 349.979444 344.725707 0.553068 0.000000
  53.800000 351.190402 345.484315 0.556826 0.000000
  53.900000 352.397547 346.248202 0.561209 0.000000
  54.000000 353.719193 347.092926 0.566332 0.000000
  54.100000 354.913959 347.862865 0.571127 0.000000
  54.200000 356.102537 348.637605 0.575740 0.000000
  54.300000 357.404242 349.494678 0.581084 0.000000
  54.400000 358.582830 350.277550 0.586405 0.000000
  54.500000 359.755246 351.060864 0.592632 0.000000
  54.600000 361.035760 351.930227 0.600467 0.000000
  54.700000 362.192160 352.727720 0.607790 0.000000
  54.800000 363.339858 353.534873 0.615044 0.000000
  54.900000 364.594011 354.429407 0.622794 0.000000
  55.000000 365.725820 355.249255 0.629620 0.000000
  55.100000 366.849346 356.074249 0.636151 0.000000
  55.200000 368.077239 356.989039 0.643084 0.000000
  55.300000 369.187111 357.825798 0.648987 0.000000
  55.400000 370.401505 358.751421 0.655385 0.000000
  55.500000 371.500311 359.600591 0.661420 0.000000
  55.600000 372.593164 360.458134 0.666518 0.000000
  55.700000 373.787194 361.409850 0.670956 0.000000
  55.800000 374.867627 362.278435 0.675052 0.000000
  55.900000 375.946949 363.148764 0.679898 0.000000
  56.000000 377.131038 364.110261 0.685162 0.000000
  56.100000 378.207150 365.054276 0.689345 0.000000
  56.200000 379.283262 365.998292 0.693528 0.000000
  56.300000 380.359374 366.942307 0.697711 0.000000
  56.400000 381.435486 367.886323 0.701893 0.000000
  56.500000 382.511598 368.830339 0.706076 0.000000
  56.600000 383.587710 369.774355 0.710259 0.000000
  56.700000 384.663822 370.718372 0.714442 0.000000
  56.800000 385.739934 371.662388 0.718624 0.000000
  56.900000 386.816046 372.606405 0.722807 0.000000
  57.000000 387.892158 373.550421 0.726990 0.000000
  57.100000 388.968270 374.494438 0.731173 0.000000
  57.200000 390.044382 375.438455 0.735355 0.000000
  57.300000 391.120494 376.382473 0.739538 0.000000
  57.400000 392.196606 377.326490 0.743721 0.000000
  57.500000 393.272718 378.270508 0.747904 0.000000
  57.600000 394.348830 379.214525 0.752086 0.000000
  57.700000 395.337117 380.153257 0.758286 0.000000
  57.800000 396.319843 381.096193 0.765323 0.000000
  57.900000 397.394530 382.140240 0.773197 0.000000
  58.000000 398.364912 383.095885 0.780205 0.000000
  58.100000 399.326297 384.057703 0.787400 0.000000
  58.200000 400.374624 385.123312 0.795959 0.000000
  58.300000 401.319206 386.098751 0.803583 0.000000
  58.400000 402.255487 387.081031 0.811005 0.000000
  58.500000 403.185379 388.068432 0.818515 0.000000
  58.600000 404.199366 389.161262 0.827131 0.000000
  58.700000 405.114339 390.161113 0.834307 0.000000
  58.800000 406.112015 391.270667 0.841209 0.000000
  58.900000 407.012011 392.286710 0.846804 0.000000
  59.000000 407.903672 393.310115 0.851283 0.000000
  59.100000 408.878540 394.440646 0.854856 0.000000
  59.200000 409.760673 395.472479 0.858219 0.000000
  59.300000 410.644566 396.506054 0.861610 0.000000
  59.400000 411.615191 397.646209 0.865110 0.000000
  59.500000 412.495229 398.685376 0.868243 0.000000
  59.600000 413.372928 399.727977 0.871417 0.000000
  59.700000 414.335420 400.881107 0.874476 0.000000
  59.800000 415.207474 401.935060 0.876591 0.000000
  59.900000 416.119385 403.046901 0.878803 0.000000
  60.000000 417.031296 404.158742 0.881014 0.000000
  60.100000 417.904000 405.230355 0.883169 0.000000
  60.200000 418.864536 406.407597 0.885245 0.000000
  60.300000 419.732252 407.477403 0.887111 0.000000
  60.400000 420.597175 408.550884 0.888885 0.000000
  60.500000 421.548978 409.737111 0.890356 0.000000
  60.600000 422.415780 410.817687 0.891838 0.000000
  60.700000 423.279040 411.904629 0.893307 0.000000
  60.800000 424.224473 413.103137 0.895330 0.000000
  60.900000 425.086133 414.196448 0.896866 0.000000
  61.000000 425.947559 415.292191 0.898502 0.000000
  61.100000 426.894372 416.495942 0.900085 0.000000
  61.200000 427.750473 417.584743 0.901612 0.000000
  61.300000 428.606912 418.669166 0.902044 0.000000
  61.400000 429.550513 419.872292 0.901608 0.000000
  61.500000 430.411545 420.963227 0.900377 0.000000
  61.600000 431.364977 422.172376 0.898919 0.000000
  61.700000 432.234733 423.258706 0.897936 0.000000
  61.800000 433.108555 424.350232 0.897555 0.000000
  61.900000 434.070525 425.551718 0.896492 0.000000
  62.000000 434.948276 426.650681 0.895547 0.000000
  62.100000 435.828223 427.751167 0.894924 0.000000
  62.200000 436.799049 428.961297 0.894626 0.000000
  62.300000 437.682238 430.066073 0.894183 0.000000
  62.400000 438.565570 431.169387 0.893670 0.000000
  62.500000 439.538213 432.386780 0.892927 0.000000
  62.600000 440.422573 433.489529 0.892015 0.000000
  62.700000 441.396765 434.702105 0.891848 0.000000
  62.800000 442.280046 435.800607 0.891987 0.000000
  62.900000 443.160076 436.900766 0.891161 0.000000
  63.000000 444.126607 438.108792 0.890562 0.000000
  63.100000 445.006080 439.204405 0.890384 0.000000
  63.200000 445.886157 440.297338 0.890552 0.000000
  63.300000 446.852310 441.496530 0.890571 0.000000
  63.400000 447.728859 442.584277 0.890587 0.000000
  63.500000 448.605222 443.670587 0.890334 0.000000
  63.600000 449.570063 444.860857 0.890224 0.000000
  63.700000 450.447266 445.936850 0.890344 0.000000
  63.800000 451.321479 447.009914 0.890286 0.000000
  63.900000 452.277905 448.181604 0.890265 0.000000
  64.000000 453.144495 449.249122 0.890257 0.000000
  64.100000 454.007357 450.322012 0.890572 0.000000
  64.200000 454.952190 451.503756 0.891043 0.000000
  64.300000 455.808542 452.575116 0.891071 0.000000
  64.400000 456.664427 453.643019 0.890975 0.000000
  64.500000 457.604816 454.814263 0.890889 0.000000
  64.600000 458.459157 455.881267 0.890504 0.000000
  64.700000 459.311114 456.945454 0.889901 0.000000
  64.800000 460.243068 458.117551 0.889571 0.000000
  64.900000 461.086944 459.179031 0.889068 0.000000
  65.000000 462.008217 460.343394 0.888389 0.000000
  65.100000 462.843222 461.388817 0.887731 0.000000
  65.200000 463.675538 462.426577 0.887479 0.000000
  65.300000 464.588680 463.563216 0.886467 0.000000
  65.400000 465.417934 464.593656 0.885363 0.000000
  65.500000 466.247783 465.615879 0.883739 0.000000
  65.600000 467.153545 466.745464 0.882788 0.000000
  65.700000 467.969007 467.764996 0.882517 0.000000
  65.800000 468.786451 468.769600 0.883077 0.000000
  65.900000 469.674919 469.865930 0.882808 0.000000
  66.000000 470.479975 470.859821 0.882196 0.000000
  66.100000 471.282550 471.847980 0.881788 0.000000
  66.200000 472.157569 472.923652 0.881633 0.000000
  66.300000 472.949328 473.892073 0.881715 0.000000
  66.400000 473.733745 474.855716 0.881775 0.000000
  66.500000 474.593151 475.900520 0.881783 0.000000
  66.600000 475.371304 476.839149 0.882085 0.000000
  66.700000 476.220969 477.869278 0.882752 0.000000
  66.800000 476.990373 478.805748 0.883619 0.000000
  66.900000 477.752447 479.738691 0.885025 0.000000
  67.000000 478.578680 480.764307 0.885694 0.000000
  67.100000 479.325888 481.688575 0.886434 0.000000
  67.200000 480.070086 482.608991 0.887555 0.000000
  67.300000 480.881677 483.622022 0.888159 0.000000
  67.400000 481.616118 484.536118 0.888954 0.000000
  67.500000 482.347925 485.445162 0.890092 0.000000
  67.600000 483.147171 486.438734 0.891204 0.000000
  67.700000 483.722400 487.157324 0.891936 0.000000
  67.800000 484.717946 488.405361 0.893204 0.000000
  67.900000 485.350736 489.200715 0.893767 0.000000
  68.000000 486.048481 490.075300 0.894939 0.000000
  68.100000 486.807312 491.035854 0.895801 0.000000
  68.200000 487.490553 491.908335 0.896708 0.000000
  68.300000 488.235702 492.861844 0.897713 0.000000
  68.400000 488.907491 493.720002 0.898517 0.000000
  68.500000 489.572065 494.571474 0.899721 0.000000
  68.600000 490.228791 495.417757 0.900949 0.000000
  68.700000 490.944072 496.330075 0.902749 0.000000
  68.800000 491.585818 497.150630 0.905364 0.000000
  68.900000 492.219077 497.962648 0.908296 0.000000
  69.000000 492.906694 498.856230 0.912420 0.000000
  69.100000 493.524556 499.665400 0.916257 0.000000
  69.200000 494.135051 500.474751 0.921200 0.000000
  69.300000 494.798769 501.365830 0.926713 0.000000
  69.400000 495.395446 502.175709 0.932775 0.000000
  69.500000 495.985275 502.988427 0.938799 0.000000
  69.600000 496.629308 503.880630 0.946129 0.000000
  69.700000 497.203474 504.703299 0.951994 0.000000
  69.800000 497.828061 505.605572 0.959323 0.000000
  69.900000 498.390917 506.429474 0.966496 0.000000
  70.000000 498.948311 507.251090 0.973940 0.000000
  70.100000 499.555261 508.162990 0.982245 0.000000
  70.200000 500.102337 508.999049 0.989446 0.000000
  70.300000 500.643938 509.840869 0.996703 0.000000
  70.400000 501.231843 510.773596 1.004470 0.000000
  70.500000 501.763864 511.626315 1.010826 0.000000
  70.600000 502.292757 512.485600 1.015496 0.000000
  70.700000 502.872347 513.436347 1.018199 0.000000
  70.800000 503.399153 514.306811 1.019186 0.000000
  70.900000 503.927307 515.180659 1.019334 0.000000
  71.000000 504.511814 516.147960 1.017438 0.000000
  71.100000 505.047753 517.032356 1.013918 0.000000
  71.200000 505.588956 517.921306 1.007916 0.000000
  71.300000 506.196957 518.901769 0.999356 0.000000
  71.400000 506.758818 519.794540 0.989794 0.000000
  71.500000 507.391681 520.775843 0.978223 0.000000
  71.600000 507.980715 521.666683 0.967099 0.000000
  71.700000 508.583305 522.555793 0.955367 0.000000
  71.800000 509.261816 523.529849 0.942046 0.000000
  71.900000 509.895149 524.415295 0.929616 0.000000
  72.000000 510.544605 525.299968 0.917252 0.000000
  72.100000 511.276394 526.271898 0.903505 0.000000
  72.200000 511.957721 527.154497 0.891005 0.000000
  72.300000 512.654321 528.034391 0.878718 0.000000
  72.400000 513.440000 528.998162 0.866142 0.000000
  72.500000 514.171028 529.868729 0.856353 0.000000
  72.600000 514.989973 530.822977 0.847368 0.000000
  72.700000 515.743686 531.686964 0.841612 0.000000
  72.800000 516.506562 532.551313 0.838066 0.000000
  72.900000 517.355696 533.503402 0.836315 0.000000
  73.000000 518.138053 534.377014 0.836636 0.000000
  73.100000 518.973970 535.310596 0.838362 0.000000
  73.200000 519.809887 536.244177 0.840087 0.000000
  73.300000 520.613817 537.152297 0.841834 0.000000
  73.400000 521.423620 538.071278 0.843314 0.000000
  73.500000 522.321753 539.095880 0.845499 0.000000
  73.600000 523.143569 540.034960 0.847254 0.000000
  73.700000 523.972836 540.984339 0.848719 0.000000
  73.800000 524.889028 542.037335 0.850171 0.000000
  73.900000 525.728673 543.001667 0.851624 0.000000
  74.000000 526.567900 543.970190 0.853030 0.000000
  74.100000 527.493638 545.039987 0.854170 0.000000
  74.200000 528.335573 546.016313 0.855780 0.000000
  74.300000 529.177818 546.997501 0.857571 0.000000
  74.400000 530.105270 548.083309 0.859890 0.000000
  74.500000 530.945398 549.074175 0.862319 0.000000
  74.600000 531.787766 550.069889 0.865277 0.000000
  74.700000 532.711684 551.169439 0.868603 0.000000
  74.800000 533.551690 552.173935 0.872260 0.000000
  74.900000 534.388280 553.182197 0.876886 0.000000
  75.000000 535.305415 554.296331 0.882613 0.000000
  75.100000 536.133325 555.316482 0.887853 0.000000
  75.200000 536.956774 556.342651 0.893147 0.000000
  75.300000 537.857639 557.478977 0.898277 0.000000
  75.400000 538.669369 558.516129 0.901955 0.000000
  75.500000 539.558842 559.659479 0.904977 0.000000
  75.600000 540.364753 560.703498 0.907024 0.000000
  75.700000 541.169709 561.750598 0.908947 0.000000
  75.800000 542.053323 562.902756 0.911301 0.000000
  75.900000 542.855123 563.948934 0.913755 0.000000
  76.000000 543.653848 564.994586 0.915854 0.000000
  76.100000 544.527631 566.142247 0.918105 0.000000
  76.200000 545.318365 567.184387 0.920081 0.000000
  76.300000 546.107256 568.227616 0.921884 0.000000
  76.400000 546.975056 569.377021 0.923352 0.000000
  76.500000 547.758007 570.424213 0.924110 0.000000
  76.600000 548.536072 571.471594 0.924442 0.000000
  76.700000 549.389886 572.620762 0.924983 0.000000
  76.800000 550.161729 573.665253 0.925337 0.000000
  76.900000 550.932515 574.706695 0.925235 0.000000
  77.000000 551.778743 575.850124 0.925073 0.000000
  77.100000 552.546824 576.891110 0.925360 0.000000
  77.200000 553.390636 578.035245 0.926448 0.000000
  77.300000 554.160015 579.076107 0.928037 0.000000
  77.400000 554.928364 580.120917 0.929691 0.000000
  77.500000 555.770622 581.276958 0.931839 0.000000
  77.600000 556.535322 582.333678 0.933412 0.000000
  77.700000 557.296686 583.396395 0.934923 0.000000
  77.800000 558.136851 584.566204 0.936472 0.000000
  77.900000 558.900212 585.631574 0.937905 0.000000
  78.000000 559.666685 586.698178 0.938903 0.000000
  78.100000 560.510822 587.873073 0.939675 0.000000
  78.200000 561.279867 588.943764 0.940165 0.000000
  78.300000 562.050869 590.014977 0.940368 0.000000
  78.400000 562.904233 591.194029 0.940237 0.000000
  78.500000 563.679454 592.269680 0.940038 0.000000
  78.600000 564.456626 593.346972 0.939890 0.000000
  78.700000 565.311769 594.534122 0.939894 0.000000
  78.800000 566.090394 595.613336 0.939686 0.000000
  78.900000 566.869459 596.692443 0.939559 0.000000
  79.000000 567.728261 597.874925 0.939246 0.000000
  79.100000 568.507281 598.951458 0.938867 0.000000
  79.200000 569.369019 600.133191 0.938558 0.000000
  79.300000 570.149669 601.209792 0.938201 0.000000
  79.400000 570.928517 602.284250 0.937797 0.000000
  79.500000 571.785214 603.460862 0.937315 0.000000
  79.600000 572.562735 604.529652 0.937015 0.000000
  79.700000 573.339503 605.598771 0.937155 0.000000
  79.800000 574.192408 606.770218 0.937564 0.000000
  79.900000 574.966130 607.832238 0.937887 0.000000
  80.000000 575.734734 608.891566 0.938156 0.000000
  80.100000 576.578115 610.053874 0.938634 0.000000
  80.200000 577.341629 611.108620 0.939069 0.000000
  80.300000 578.101944 612.160903 0.939687 0.000000
  80.400000 578.936025 613.314000 0.940465 0.000000
  80.500000 579.691605 614.361047 0.941554 0.000000
  80.600000 580.444579 615.405523 0.942455 0.000000
  80.700000 581.268907 616.553306 0.943462 0.000000
  80.800000 582.014802 617.594084 0.944150 0.000000
  80.900000 582.756269 618.631764 0.944989 0.000000
  81.000000 583.570122 619.770360 0.945592 0.000000
  81.100000 584.306747 620.801858 0.946124 0.000000
  81.200000 585.040694 621.829970 0.946873 0.000000
  81.300000 585.845137 622.955504 0.947990 0.000000
  81.400000 586.571109 623.974993 0.948824 0.000000
  81.500000 587.290358 624.994118 0.949532 0.000000
  81.600000 588.074360 626.108519 0.950351 0.000000
  81.700000 588.782196 627.115816 0.951174 0.000000
  81.800000 589.552267 628.216947 0.951946 0.000000
  81.900000 590.245002 629.210380 0.952346 0.000000
  82.000000 590.930387 630.192361 0.952957 0.000000
  82.100000 591.676872 631.260679 0.953835 0.000000
  82.200000 592.346241 632.218453 0.954559 0.000000
  82.300000 593.009001 633.168303 0.955811 0.000000
  82.400000 593.733450 634.207066 0.957384 0.000000
  82.500000 594.384923 635.146181 0.958861 0.000000
  82.600000 595.096528 636.172164 0.960421 0.000000
  82.700000 595.737430 637.099505 0.961909 0.000000
  82.800000 596.375081 638.022340 0.963649 0.000000
  82.900000 597.006067 638.941391 0.964856 0.000000
  83.000000 597.696389 639.948470 0.966098 0.000000
  83.100000 598.318954 640.859484 0.967138 0.000000
  83.200000 598.937468 641.766346 0.967847 0.000000
  83.300000 599.611541 642.757245 0.968377 0.000000
  83.400000 600.218159 643.652292 0.968119 0.000000
  83.500000 600.884213 644.633161 0.967694 0.000000
  83.600000 601.487838 645.511256 0.967401 0.000000
  83.700000 602.089669 646.375845 0.966993 0.000000
  83.800000 602.734550 647.311565 0.966045 0.000000
  83.900000 603.324547 648.148886 0.964801 0.000000
  84.000000 603.899023 648.969832 0.963439 0.000000
  84.100000 604.524913 649.857455 0.961821 0.000000
  84.200000 605.076673 650.645921 0.960178 0.000000
  84.300000 605.620460 651.419046 0.958369 0.000000
  84.400000 606.210136 652.250977 0.956464 0.000000
  84.500000 606.733231 652.991891 0.954565 0.000000
  84.600000 607.305926 653.791357 0.952810 0.000000
  84.700000 607.814830 654.502995 0.950758 0.000000
  84.800000 608.317293 655.199224 0.948824 0.000000
  84.900000 608.855759 655.947093 0.946050 0.000000
  85.000000 609.334234 656.610765 0.943119 0.000000
  85.100000 609.804946 657.260143 0.939804 0.000000
  85.200000 610.314306 657.960761 0.935388 0.000000
  85.300000 610.770483 658.586268 0.930227 0.000000
  85.400000 611.262185 659.260599 0.922462 0.000000
  85.500000 611.705636 659.860587 0.913988 0.000000
  85.600000 612.152458 660.449246 0.903928 0.000000
  85.700000 612.646408 661.082118 0.891266 0.000000
  85.800000 613.097821 661.646239 0.878655 0.000000
  85.900000 613.550135 662.200273 0.864239 0.000000
  86.000000 614.055063 662.800791 0.846812 0.000000
  86.100000 614.518523 663.334460 0.829437 0.000000
  86.200000 614.992340 663.857555 0.811326 0.000000
  86.300000 615.520605 664.418850 0.791561 0.000000
  86.400000 616.006060 664.917821 0.773147 0.000000
  86.500000 616.496479 665.404707 0.754462 0.000000
  86.600000 617.044507 665.920895 0.733671 0.000000
  86.700000 617.550034 666.379479 0.714227 0.000000
  86.800000 618.113928 666.866601 0.693492 0.000000
  86.900000 618.634783 667.294373 0.675144 0.000000
  87.000000 619.153301 667.706325 0.656721 0.000000
  87.100000 619.733724 668.147393 0.636693 0.000000
  87.200000 620.264842 668.534005 0.618592 0.000000
  87.300000 620.801688 668.912437 0.600725 0.000000
  87.400000 621.387828 669.315027 0.580959 0.000000
  87.500000 621.927310 669.668837 0.563010 0.000000
  87.600000 622.471914 670.009528 0.545287 0.000000
  87.700000 623.073684 670.370415 0.525741 0.000000
  87.800000 623.622716 670.688632 0.507590 0.000000
  87.900000 624.224471 671.025489 0.487950 0.000000
  88.000000 624.776394 671.316817 0.470899 0.000000
  88.100000 625.327725 671.592651 0.453634 0.000000
  88.200000 625.934982 671.882855 0.434538 0.000000
  88.300000 626.481014 672.135511 0.417491 0.000000
  88.400000 627.022301 672.378302 0.400470 0.000000
  88.500000 627.608205 672.629929 0.382292 0.000000
  88.600000 628.138165 672.843485 0.366095 0.000000
  88.700000 628.661610 673.043316 0.349882 0.000000
  88.800000 629.226221 673.251410 0.331293 0.000000
  88.900000 629.737691 673.432519 0.314560 0.000000
  89.000000 630.248375 673.605975 0.297647 0.000000
  89.100000 630.815005 673.782851 0.278832 0.000000
  89.200000 631.327399 673.932805 0.261529 0.000000
  89.300000 631.889353 674.087364 0.242251 0.000000
  89.400000 632.388159 674.218844 0.224853 0.000000
  89.500000 632.888393 674.338041 0.207355 0.000000
  89.600000 633.435735 674.457891 0.187930 0.000000
  89.700000 633.934295 674.556022 0.169503 0.000000
  89.800000 634.429899 674.648686 0.151358 0.000000
  89.900000 634.969883 674.742404 0.131528 0.000000
  90.000000 635.463532 674.815373 0.113674 0.000000
  90.100000 636.006507 674.884503 0.093217 0.000000
  90.200000 636.501464 674.936927 0.073282 0.000000
  90.300000 636.988680 674.981707 0.052831 0.000000
  90.400000 637.527880 675.018493 0.029562 0.000000
  90.500000 638.012973 675.036562 0.008392 0.000000
  90.600000 638.498176 675.039938 -0.012612 0.000000
  90.700000 639.029702 675.033460 -0.035742 0.000000
  90.800000 639.510792 675.018698 -0.056824 0.000000
  90.900000 639.993389 674.994060 -0.077534 0.000000
  91.000000 640.525147 674.953234 -0.100039 0.000000
  91.100000 641.012627 674.905761 -0.120373 0.000000
  91.200000 641.550433 674.841733 -0.141980 0.000000
  91.300000 642.041725 674.773938 -0.160128 0.000000
  91.400000 642.534564 674.696183 -0.177028 0.000000
  91.500000 643.081014 674.596375 -0.194969 0.000000
  91.600000 643.568837 674.488126 -0.210465 0.000000
  91.700000 644.054247 674.376417 -0.224690 0.000000
  91.800000 644.577707 674.243531 -0.239555 0.000000
  91.900000 645.052493 674.117113 -0.251823 0.000000
  92.000000 645.526037 673.984897 -0.262064 0.000000
  92.100000 646.047672 673.834059 -0.272540 0.000000
  92.200000 646.526416 673.694189 -0.282694 0.000000
  92.300000 647.055087 673.528832 -0.294584 0.000000
  92.400000 647.545141 673.369549 -0.306190 0.000000
  92.500000 648.042491 673.198318 -0.319320 0.000000
  92.600000 648.603035 672.997166 -0.334243 0.000000
  92.700000 649.117270 672.798097 -0.347995 0.000000
  92.800000 649.643975 672.590144 -0.362130 0.000000
  92.900000 650.183211 672.370090 -0.377058 0.000000
  93.000000 650.789734 672.112230 -0.394379 0.000000
  93.100000 651.351967 671.864308 -0.409883 0.000000
  93.200000 651.979478 671.578688 -0.427301 0.000000
  93.300000 652.570058 671.311511 -0.443199 0.000000
  93.400000 653.171353 671.028249 -0.458635 0.000000
  93.500000 653.836751 670.697404 -0.475757 0.000000
  93.600000 654.455684 670.387505 -0.492016 0.000000
  93.700000 655.076467 670.060392 -0.508382 0.000000
  93.800000 655.766069 669.686739 -0.526685 0.000000
  93.900000 656.395112 669.327973 -0.544057 0.000000
  94.000000 657.027818 668.947953 -0.561662 0.000000
  94.100000 657.726477 668.509937 -0.581291 0.000000
  94.200000 658.357403 668.095321 -0.599124 0.000000
  94.300000 659.052459 667.620555 -0.618514 0.000000
  94.400000 659.684237 667.172481 -0.635905 0.000000
  94.500000 660.316332 666.708487 -0.652974 0.000000
  94.600000 661.007030 666.177418 -0.671737 0.000000
  94.700000 661.630937 665.680064 -0.687669 0.000000
  94.800000 662.250561 665.168373 -0.702008 0.000000
  94.900000 662.929819 664.584724 -0.715404 0.000000
  95.000000 663.550441 664.041957 -0.725590 0.000000
  95.100000 664.171058 663.489011 -0.734394 0.000000
  95.200000 664.852068 662.869503 -0.741964 0.000000
  95.300000 665.473007 662.299339 -0.747208 0.000000
  95.400000 666.096058 661.721862 -0.750860 0.000000
  95.500000 666.784155 661.075954 -0.754078 0.000000
  95.600000 667.410069 660.483113 -0.755399 0.000000
  95.700000 668.041224 659.885307 -0.755764 0.000000
  95.800000 668.739466 659.223087 -0.754469 0.000000
  95.900000 669.380045 658.616803 -0.752380 0.000000
  96.000000 670.026550 658.009032 -0.750199 0.000000
  96.100000 670.741118 657.338862 -0.747698 0.000000
  96.200000 671.397762 656.726196 -0.745112 0.000000
  96.300000 672.060985 656.111819 -0.742124 0.000000
  96.400000 672.797086 655.431925 -0.738288 0.000000
  96.500000 673.472014 654.814181 -0.734402 0.000000
  96.600000 674.152284 654.198196 -0.730886 0.000000
  96.700000 674.905277 653.519916 -0.726792 0.000000
  96.800000 675.596909 652.902804 -0.723667 0.000000
  96.900000 676.368854 652.230585 -0.720897 0.000000
  97.000000 677.078838 651.621871 -0.718659 0.000000
  97.100000 677.788619 651.010589 -0.716769 0.000000
  97.200000 678.574223 650.338894 -0.715237 0.000000
  97.300000 679.295440 649.717957 -0.714670 0.000000
  97.400000 680.020601 649.095346 -0.714667 0.000000
  97.500000 680.815856 648.406440 -0.715807 0.000000
  97.600000 681.540159 647.779021 -0.718060 0.000000
  97.700000 682.263921 647.146635 -0.721250 0.000000
  97.800000 683.059622 646.445088 -0.725611 0.000000
  97.900000 683.781191 645.800151 -0.730129 0.000000
  98.000000 684.558980 645.073690 -0.736228 0.000000
  98.100000 685.267250 644.410224 -0.742050 0.000000
  98.200000 685.973961 643.741796 -0.748220 0.000000
  98.300000 686.745761 642.996490 -0.755445 0.000000
  98.400000 687.441230 642.309045 -0.762947 0.000000
  98.500000 688.127727 641.613451 -0.771046 0.000000
  98.600000 688.884001 640.848556 -0.780035 0.000000
  98.700000 689.561840 640.145100 -0.788235 0.000000
  98.800000 690.238932 639.436497 -0.796699 0.000000
  98.900000 690.977953 638.653193 -0.806094 0.000000
  99.000000 691.646967 637.934965 -0.813616 0.000000
  99.100000 692.313255 637.209807 -0.820252 0.000000
  99.200000 693.039900 636.404726 -0.827068 0.000000
  99.300000 693.697780 635.674552 -0.832433 0.000000
  99.400000 694.350472 634.944924 -0.836564 0.000000
  99.500000 695.066212 634.140702 -0.839156 0.000000
  99.600000 695.716039 633.413391 -0.840176 0.000000
  99.700000 696.429827 632.610680 -0.839529 0.000000
  99.800000 697.075811 631.880614 -0.837408 0.000000
  99.900000 697.721051 631.148804 -0.834038 0.000000
  100.000000 698.435151 630.353273 -0.829468 0.000000
  100.100000 699.087679 629.634356 -0.824707 0.000000
  100.200000 699.741861 628.919469 -0.818853 0.000000
  100.300000 700.466421 628.138305 -0.812717 0.000000
  100.400000 701.127835 627.430487 -0.806666 0.000000
  100.500000 701.794542 626.732324 -0.800990 0.000000
  100.600000 702.533049 625.967519 -0.795206 0.000000
  100.700000 703.210104 625.280355 -0.790741 0.000000
  100.800000 703.890497 624.594069 -0.786645 0.000000
  100.900000 704.642218 623.844314 -0.782957 0.000000
  101.000000 705.326293 623.165140 -0.780007 0.000000
  101.100000 706.011146 622.489429 -0.777672 0.000000
  101.200000 706.764618 621.749647 -0.775602 0.000000
  101.300000 707.449169 621.077422 -0.773629 0.000000
  101.400000 708.200237 620.344144 -0.771597 0.000000
  101.500000 708.879131 619.681873 -0.769597 0.000000
  101.600000 709.555896 619.026111 -0.768163 0.000000
  101.700000 710.296553 618.309394 -0.767147 0.000000
  101.800000 710.968042 617.663621 -0.766665 0.000000
  101.900000 711.635255 617.019416 -0.766471 0.000000
  102.000000 712.367146 616.315313 -0.766565 0.000000
  102.100000 713.029730 615.679720 -0.768274 0.000000
  102.200000 713.684008 615.045253 -0.769790 0.000000
  102.300000 714.398764 614.352901 -0.772292 0.000000
  102.400000 715.042868 613.726180 -0.775646 0.000000
  102.500000 715.738556 613.031257 -0.780891 0.000000
  102.600000 716.364764 612.400539 -0.787325 0.000000
  102.700000 716.984929 611.769266 -0.793968 0.000000
  102.800000 717.658320 611.073256 -0.802507 0.000000
  102.900000 718.264162 610.440948 -0.812273 0.000000
  103.000000 718.860994 609.804099 -0.822165 0.000000
  103.100000 719.507388 609.100444 -0.832829 0.000000
  103.200000 720.084456 608.454524 -0.842459 0.000000
  103.300000 720.652507 607.802769 -0.851841 0.000000
  103.400000 721.270644 607.083620 -0.862428 0.000000
  103.500000 721.938089 606.293265 -0.874343 0.000000
  103.600000 722.379000 605.762318 -0.882180 0.000000
  103.700000 722.981911 605.026410 -0.893637 0.000000
  103.800000 723.523912 604.350953 -0.904036 0.000000
  103.900000 724.111283 603.598938 -0.915837 0.000000
  104.000000 724.637767 602.908223 -0.926288 0.000000
  104.100000 725.158290 602.210692 -0.937043 0.000000
  104.200000 725.722130 601.433983 -0.949024 0.000000
  104.300000 726.228787 600.721786 -0.960618 0.000000
  104.400000 726.727213 600.002891 -0.972442 0.000000
  104.500000 727.265459 599.203375 -0.985351 0.000000
  104.600000 727.746334 598.470522 -0.997332 0.000000
  104.700000 728.216978 597.732225 -1.009320 0.000000
  104.800000 728.722663 596.915490 -1.022563 0.000000
  104.900000 729.172669 596.170051 -1.034415 0.000000
  105.000000 729.655866 595.344937 -1.047668 0.000000
  105.100000 730.083484 594.590908 -1.059453 0.000000
  105.200000 730.501658 593.835448 -1.071963 0.000000
  105.300000 730.947984 593.001258 -1.084957 0.000000
  105.400000 731.344206 592.240532 -1.096447 0.000000
  105.500000 731.730302 591.477347 -1.107250 0.000000
  105.600000 732.142667 590.635201 -1.118586 0.000000
  105.700000 732.511072 589.867175 -1.129129 0.000000
  105.800000 732.872484 589.099194 -1.139519 0.000000
  105.900000 733.259016 588.251239 -1.150902 0.000000
  106.000000 733.600691 587.477229 -1.161084 0.000000
  106.100000 733.934177 586.699601 -1.171712 0.000000
  106.200000 734.291696 585.840170 -1.183694 0.000000
  106.300000 734.608077 585.054568 -1.195149 0.000000
  106.400000 734.946747 584.186577 -1.207541 0.000000
  106.500000 735.243847 583.392562 -1.219087 0.000000
  106.600000 735.531483 582.595032 -1.230585 0.000000
  106.700000 735.837019 581.724741 -1.243568 0.000000
  106.800000 736.102221 580.951117 -1.255285 0.000000
  106.900000 736.356541 580.180116 -1.266863 0.000000
  107.000000 736.626958 579.312734 -1.279769 0.000000
  107.100000 736.854649 578.531336 -1.291498 0.000000
  107.200000 737.076820 577.739561 -1.303661 0.000000
  107.300000 737.306091 576.864489 -1.317334 0.000000
  107.400000 737.503848 576.057210 -1.331192 0.000000
  107.500000 737.710897 575.173123 -1.347381 0.000000
  107.600000 737.891308 574.372132 -1.362572 0.000000
  107.700000 738.059043 573.572167 -1.377846 0.000000
  107.800000 738.227670 572.695676 -1.394954 0.000000
  107.900000 738.365715 571.898649 -1.410884 0.000000
  108.000000 738.489469 571.103994 -1.427004 0.000000
  108.100000 738.612339 570.229043 -1.444448 0.000000
  108.200000 738.708901 569.437528 -1.460265 0.000000
  108.300000 738.790238 568.646729 -1.476273 0.000000
  108.400000 738.866672 567.778198 -1.494458 0.000000
  108.500000 738.921673 566.988334 -1.510673 0.000000
  108.600000 738.961706 566.198247 -1.526276 0.000000
  108.700000 738.989486 565.330961 -1.543257 0.000000
  108.800000 739.003363 564.543663 -1.558440 0.000000
  108.900000 739.006500 563.757538 -1.573241 0.000000
  109.000000 738.996932 562.891404 -1.589537 0.000000
  109.100000 738.975999 562.100777 -1.604518 0.000000
  109.200000 738.938905 561.226347 -1.621324 0.000000
  109.300000 738.891794 560.427863 -1.636588 0.000000
  109.400000 738.832026 559.624715 -1.651876 0.000000
  109.500000 738.751528 558.738148 -1.668667 0.000000
  109.600000 738.664553 557.928527 -1.684289 0.000000
  109.700000 738.567780 557.113060 -1.699853 0.000000
  109.800000 738.452207 556.214636 -1.717078 0.000000
  109.900000 738.336199 555.388854 -1.732483 0.000000
  110.000000 738.194678 554.472211 -1.748231 0.000000
  110.100000 738.048284 553.639265 -1.762095 0.000000
  110.200000 737.891420 552.801440 -1.775087 0.000000
  110.300000 737.720320 551.963776 -1.788020 0.000000
  110.400000 737.519786 551.037341 -1.801496 0.000000
  110.500000 737.323026 550.193595 -1.813230 0.000000
  110.600000 737.094908 549.260624 -1.825219 0.000000
  110.700000 736.892909 548.423005 -1.836383 0.000000
  110.800000 736.684804 547.580142 -1.847097 0.000000
  110.900000 736.439456 546.649686 -1.858117 0.000000
  111.000000 736.196934 545.788805 -1.866485 0.000000
  111.100000 735.936595 544.917312 -1.873376 0.000000
  111.200000 735.638809 543.960602 -1.878630 0.000000
  111.300000 735.363882 543.080106 -1.881888 0.000000
  111.400000 735.060233 542.106801 -1.884924 0.000000
  111.500000 734.786204 541.209504 -1.887369 0.000000
  111.600000 734.510842 540.313487 -1.889853 0.000000
  111.700000 734.232006 539.416703 -1.892432 0.000000
  111.800000 733.924277 538.418104 -1.894699 0.000000
  111.900000 733.639576 537.510428 -1.895981 0.000000
  112.000000 733.353659 536.600696 -1.895824 0.000000
  112.100000 733.032432 535.604963 -1.895064 0.000000
  112.200000 732.746832 534.688053 -1.893682 0.000000
  112.300000 732.456254 533.768557 -1.892058 0.000000
  112.400000 732.136302 532.743599 -1.889501 0.000000
  112.500000 731.839678 531.813444 -1.886748 0.000000
  112.600000 731.546028 530.881692 -1.883021 0.000000
  112.700000 731.229612 529.845128 -1.878687 0.000000
  112.800000 730.945595 528.907533 -1.874370 0.000000
  112.900000 730.644586 527.879630 -1.869556 0.000000
  113.000000 730.370439 526.951483 -1.865126 0.000000
  113.100000 730.100411 526.012771 -1.860916 0.000000
  113.200000 729.803882 524.980429 -1.855964 0.000000
  113.300000 729.539216 524.033170 -1.851246 0.000000
  113.400000 729.274003 523.086508 -1.845771 0.000000
  113.500000 728.988758 522.039667 -1.839527 0.000000
  113.600000 728.732907 521.083509 -1.833003 0.000000
  113.700000 728.484295 520.122985 -1.825857 0.000000
  113.800000 728.219156 519.055048 -1.817213 0.000000
  113.900000 727.983980 518.081781 -1.809141 0.000000
  114.000000 727.758047 517.101798 -1.800395 0.000000
  114.100000 727.513926 516.026041 -1.789614 0.000000
  114.200000 727.297563 515.044754 -1.778378 0.000000
  114.300000 727.091266 514.063846 -1.765474 0.000000
  114.400000 726.882078 512.979347 -1.749922 0.000000
  114.500000 726.705575 511.990618 -1.735016 0.000000
  114.600000 726.540314 511.002931 -1.720467 0.000000
  114.700000 726.375199 509.914458 -1.704268 0.000000
  114.800000 726.241870 508.921376 -1.689713 0.000000
  114.900000 726.129225 507.925166 -1.675165 0.000000
  115.000000 726.023640 506.826029 -1.659563 0.000000
  115.100000 725.945803 505.824882 -1.645284 0.000000
  115.200000 725.867741 504.725670 -1.629738 0.000000
  115.300000 725.806686 503.723809 -1.615829 0.000000
  115.400000 725.761942 502.722373 -1.601994 0.000000
  115.500000 725.732295 501.728632 -1.588132 0.000000
  115.600000 725.715420 500.640457 -1.572851 0.000000
  115.700000 725.710949 499.651437 -1.559097 0.000000
  115.800000 725.720831 498.561853 -1.543678 0.000000
  115.900000 725.745099 497.578907 -1.529596 0.000000
  116.000000 725.784254 496.603202 -1.515191 0.000000
  116.100000 725.840011 495.548639 -1.498210 0.000000
  116.200000 725.904537 494.602120 -1.481233 0.000000
  116.300000 725.985653 493.668635 -1.463230 0.000000
  116.400000 726.093208 492.651512 -1.441812 0.000000
  116.500000 726.212747 491.731245 -1.421184 0.000000
  116.600000 726.346314 490.823262 -1.398689 0.000000
  116.700000 726.510189 489.837409 -1.372068 0.000000
  116.800000 726.683145 488.946456 -1.347171 0.000000
  116.900000 726.876912 488.063259 -1.322286 0.000000
  117.000000 727.121203 487.103873 -1.294876 0.000000
  117.100000 727.357892 486.241392 -1.269669 0.000000
  117.200000 727.615286 485.389026 -1.244176 0.000000
  117.300000 727.916871 484.463135 -1.215880 0.000000
  117.400000 728.215139 483.630289 -1.190321 0.000000
  117.500000 728.536457 482.806185 -1.164791 0.000000
